# 256 段の虹色 (HSV の色相 0.7 → 0)。0-255、タブ区切り
68	24	242
64	24	242
61	24	242
57	24	242
53	24	242
50	24	242
46	24	242
43	24	242
39	24	242
36	24	242
32	24	242
28	24	242
25	24	242
24	27	242
24	31	242
24	34	242
24	38	242
24	42	242
24	45	242
24	49	242
24	52	242
24	56	242
24	60	242
24	63	242
24	67	242
24	70	242
24	74	242
24	78	242
24	81	242
24	85	242
24	88	242
24	92	242
24	96	242
24	99	242
24	103	242
24	106	242
24	110	242
24	113	242
24	117	242
24	121	242
24	124	242
24	128	242
24	131	242
24	135	242
24	139	242
24	142	242
24	146	242
24	149	242
24	153	242
24	157	242
24	160	242
24	164	242
24	167	242
24	171	242
24	175	242
24	178	242
24	182	242
24	185	242
24	189	242
24	192	242
24	196	242
24	200	242
24	203	242
24	207	242
24	210	242
24	214	242
24	218	242
24	221	242
24	225	242
24	228	242
24	232	242
24	236	242
24	239	242
24	242	242
24	242	238
24	242	235
24	242	231
24	242	227
24	242	224
24	242	220
24	242	217
24	242	213
24	242	209
24	242	206
24	242	202
24	242	199
24	242	195
24	242	191
24	242	188
24	242	184
24	242	181
24	242	177
24	242	174
24	242	170
24	242	166
24	242	163
24	242	159
24	242	156
24	242	152
24	242	148
24	242	145
24	242	141
24	242	138
24	242	134
24	242	130
24	242	127
24	242	123
24	242	120
24	242	116
24	242	112
24	242	109
24	242	105
24	242	102
24	242	98
24	242	95
24	242	91
24	242	87
24	242	84
24	242	80
24	242	77
24	242	73
24	242	69
24	242	66
24	242	62
24	242	59
24	242	55
24	242	51
24	242	48
24	242	44
24	242	41
24	242	37
24	242	33
24	242	30
24	242	26
26	242	24
29	242	24
33	242	24
37	242	24
40	242	24
44	242	24
47	242	24
51	242	24
54	242	24
58	242	24
62	242	24
65	242	24
69	242	24
72	242	24
76	242	24
80	242	24
83	242	24
87	242	24
90	242	24
94	242	24
98	242	24
101	242	24
105	242	24
108	242	24
112	242	24
116	242	24
119	242	24
123	242	24
126	242	24
130	242	24
133	242	24
137	242	24
141	242	24
144	242	24
148	242	24
151	242	24
155	242	24
159	242	24
162	242	24
166	242	24
169	242	24
173	242	24
177	242	24
180	242	24
184	242	24
187	242	24
191	242	24
195	242	24
198	242	24
202	242	24
205	242	24
209	242	24
212	242	24
216	242	24
220	242	24
223	242	24
227	242	24
230	242	24
234	242	24
238	242	24
241	242	24
242	240	24
242	236	24
242	233	24
242	229	24
242	225	24
242	222	24
242	218	24
242	215	24
242	211	24
242	207	24
242	204	24
242	200	24
242	197	24
242	193	24
242	189	24
242	186	24
242	182	24
242	179	24
242	175	24
242	171	24
242	168	24
242	164	24
242	161	24
242	157	24
242	154	24
242	150	24
242	146	24
242	143	24
242	139	24
242	136	24
242	132	24
242	128	24
242	125	24
242	121	24
242	118	24
242	114	24
242	110	24
242	107	24
242	103	24
242	100	24
242	96	24
242	92	24
242	89	24
242	85	24
242	82	24
242	78	24
242	74	24
242	71	24
242	67	24
242	64	24
242	60	24
242	57	24
242	53	24
242	49	24
242	46	24
242	42	24
242	39	24
242	35	24
242	31	24
242	28	24
242	24	24
